   0.0000000e+00   1.0000000e-02
   1.0000000e-01   2.4860288e-01
   2.0000000e-01   2.6381208e-01
   3.0000000e-01   5.4545012e-01
   4.0000000e-01   2.2977509e-01
   5.0000000e-01   2.5126781e-01
   6.0000000e-01   2.1446769e-01
   7.0000000e-01   2.1401027e-01
   8.0000000e-01   2.3698647e-01
   9.0000000e-01   5.1257168e-01
   1.0000000e+00   2.6958983e-01
   1.1000000e+00   2.8283831e-01
   1.2000000e+00   2.0529002e-01
   1.3000000e+00   1.7985296e-01
   1.4000000e+00   2.7468128e-01
   1.5000000e+00   2.0288935e-01
   1.6000000e+00   4.0150692e-01
   1.7000000e+00   6.2498490e-01
   1.8000000e+00   2.3586031e-01
   1.9000000e+00   4.4138317e-01
   2.0000000e+00   2.3308255e-01
   2.1000000e+00   2.8823488e-01
   2.2000000e+00   8.9703011e-02
   2.3000000e+00   1.8314760e-01
   2.4000000e+00   3.8941461e-01
   2.5000000e+00   2.1445335e-01
   2.6000000e+00   3.5312093e-01
   2.7000000e+00   2.0351611e-01
   2.8000000e+00   3.6732490e-01
   2.9000000e+00   6.2653852e-01
   3.0000000e+00   5.1821991e-01
   3.1000000e+00   5.0554726e-01
   3.2000000e+00   1.4384099e-01
   3.3000000e+00   2.5851691e-01
   3.4000000e+00   3.4831235e-01
   3.5000000e+00   6.1251386e-01
   3.6000000e+00   1.8970494e-01
   3.7000000e+00   4.3042824e-01
   3.8000000e+00   1.9451119e-01
   3.9000000e+00   4.1303228e-01
   4.0000000e+00   2.4633200e-01
   4.1000000e+00   4.3843154e-01
   4.2000000e+00   2.7847278e-01
   4.3000000e+00   3.6709076e-01
   4.4000000e+00   1.0826739e-01
   4.5000000e+00   1.3884063e-01
   4.6000000e+00   1.4064246e-01
   4.7000000e+00   4.0597200e-01
   4.8000000e+00   2.3270391e-01
   4.9000000e+00   2.0154685e-01
   5.0000000e+00   2.8237237e-01
   5.1000000e+00   1.8923016e-01
   5.2000000e+00   1.2266862e+00
   5.3000000e+00   1.2927460e-01
   5.4000000e+00   2.3754085e-01
   5.5000000e+00   1.4538828e-01
   5.6000000e+00   5.3062221e-01
   5.7000000e+00   5.1839687e-01
   5.8000000e+00   1.9616262e-01
   5.9000000e+00   1.2869098e-01
   6.0000000e+00   3.1973337e-01
   6.1000000e+00   1.1790804e+00
   6.2000000e+00   3.0042804e-01
   6.3000000e+00   2.1351091e-01
   6.4000000e+00   3.9051504e+00
   6.5000000e+00   2.3769660e-01
   6.6000000e+00   5.5948174e-01
   6.7000000e+00   2.9585832e-01
   6.8000000e+00   3.2016452e-01
   6.9000000e+00   2.1398593e-01
   7.0000000e+00   1.7703961e-01
   7.1000000e+00   1.8476525e-01
   7.2000000e+00   2.5953888e-01
   7.3000000e+00   4.0460917e-01
   7.4000000e+00   2.1689294e-01
   7.5000000e+00   9.8542649e-01
   7.6000000e+00   1.0526659e-01
   7.7000000e+00   3.4199599e-01
   7.8000000e+00   9.5321691e-01
   7.9000000e+00   6.1193565e-01
   8.0000000e+00   1.7388786e-01
   8.1000000e+00   9.0732514e-02
   8.2000000e+00   1.1549214e-01
   8.3000000e+00   2.4335245e-01
   8.4000000e+00   3.1183323e-01
   8.5000000e+00   4.4008006e-01
   8.6000000e+00   2.2040527e-01
   8.7000000e+00   1.3222731e-01
   8.8000000e+00   1.5948031e-01
   8.9000000e+00   2.0441766e-01
   9.0000000e+00   2.0446498e-01
   9.1000000e+00   3.4824033e-01
   9.2000000e+00   3.3097266e-01
   9.3000000e+00   3.0863861e-01
   9.4000000e+00   1.8633434e+00
   9.5000000e+00   4.2690372e-01
   9.6000000e+00   2.2594455e-01
   9.7000000e+00   5.3060982e-01
   9.8000000e+00   7.8622953e-01
   9.9000000e+00   3.7971459e-01
   1.0000000e+01   1.4666199e-01
   1.0100000e+01   3.3133949e-01
   1.0200000e+01   2.2754959e-01
   1.0300000e+01   4.5069833e-01
   1.0400000e+01   1.4389639e-01
   1.0500000e+01   5.2860326e-01
   1.0600000e+01   1.2893647e-01
   1.0700000e+01   9.8923298e-02
   1.0800000e+01   4.1114116e-01
   1.0900000e+01   2.3640333e-01
   1.1000000e+01   1.4478203e-01
   1.1100000e+01   1.4217109e-01
   1.1200000e+01   3.0178626e-01
   1.1300000e+01   2.1043329e-01
   1.1400000e+01   9.5013340e-02
   1.1500000e+01   1.6799377e-01
   1.1600000e+01   1.8927850e-01
   1.1700000e+01   7.6430690e-01
   1.1800000e+01   1.4402031e-01
   1.1900000e+01   1.1541026e-01
   1.2000000e+01   9.0298339e-02
   1.2100000e+01   1.3541004e-01
   1.2200000e+01   2.6642335e-01
   1.2300000e+01   1.5419779e-01
   1.2400000e+01   5.7359888e-01
   1.2500000e+01   2.1006353e-01
   1.2600000e+01   1.0381258e-01
   1.2700000e+01   1.6752078e-01
   1.2800000e+01   1.0679154e-01
   1.2900000e+01   1.3239174e-01
   1.3000000e+01   2.8993973e-01
   1.3100000e+01   2.9506012e-01
   1.3200000e+01   2.1405814e-01
   1.3300000e+01   1.4308313e-01
   1.3400000e+01   2.4240583e-01
   1.3500000e+01   1.8123482e-01
   1.3600000e+01   2.8571330e-01
   1.3700000e+01   1.3155320e-01
   1.3800000e+01   3.1872839e-01
   1.3900000e+01   1.1320333e-01
   1.4000000e+01   1.0310371e-01
   1.4100000e+01   6.2165095e-01
   1.4200000e+01   1.1193237e-01
   1.4300000e+01   6.8991593e-02
   1.4400000e+01   2.1137785e-01
   1.4500000e+01   6.9261261e-01
   1.4600000e+01   1.1857538e-01
   1.4700000e+01   4.0267633e-01
   1.4800000e+01   3.1971141e-01
   1.4900000e+01   1.2051728e-01
   1.5000000e+01   1.0117527e-01
   1.5100000e+01   1.0152943e-01
   1.5200000e+01   2.8181317e-01
   1.5300000e+01   9.9621674e-01
   1.5400000e+01   2.0695839e-01
   1.5500000e+01   1.3349709e-01
   1.5600000e+01   1.2051244e-01
   1.5700000e+01   9.9868297e-02
   1.5800000e+01   1.3517698e-01
   1.5900000e+01   3.3610398e-01
   1.6000000e+01   1.6158553e-01
   1.6100000e+01   1.3483270e-01
   1.6200000e+01   1.8174003e-01
   1.6300000e+01   1.9347284e-01
   1.6400000e+01   2.0302764e-01
   1.6500000e+01   1.0211726e+00
   1.6600000e+01   1.3814639e-01
   1.6700000e+01   1.0461857e-01
   1.6800000e+01   8.4076937e-02
   1.6900000e+01   9.0100117e-02
   1.7000000e+01   4.0947931e-01
   1.7100000e+01   1.6637683e-01
   1.7200000e+01   1.6470470e-01
   1.7300000e+01   1.1764128e+00
   1.7400000e+01   5.6777596e-01
   1.7500000e+01   1.8212600e-01
   1.7600000e+01   1.1227343e-01
   1.7700000e+01   2.0649461e-01
   1.7800000e+01   1.2990500e-01
   1.7900000e+01   1.6827364e-01
   1.8000000e+01   4.3400855e-01
   1.8100000e+01   1.1084366e-01
   1.8200000e+01   2.3686677e-01
   1.8300000e+01   2.0176919e-01
   1.8400000e+01   1.4459183e-01
   1.8500000e+01   2.0331718e-01
   1.8600000e+01   2.2680574e-01
   1.8700000e+01   2.4020340e-01
   1.8800000e+01   3.7016464e-01
   1.8900000e+01   1.3243783e-01
   1.9000000e+01   2.4615019e-01
   1.9100000e+01   1.9991501e-01
   1.9200000e+01   1.2886161e-01
   1.9300000e+01   9.7829509e-02
   1.9400000e+01   1.0225169e-01
   1.9500000e+01   9.4729790e-02
   1.9600000e+01   3.4868491e-01
   1.9700000e+01   2.1211482e-01
   1.9800000e+01   2.1851395e-01
   1.9900000e+01   1.7431495e-01
   2.0000000e+01   2.3967392e-01
